9441
1791
370
4447
9212
5636
8643
1433
8366
6231
102
8651
8141
2605
2679
7201
6366
2795
731
6332
343
6383
9651
7435
9590
959
6298
2086
7783
7569
1483
5963
980
3177
5209
6825
3097
699
1932
2215
2004
9499
4184
3175
9170
6606
3503
8243
450
6222
502
2658
123
5326
701
8770
3218
8712
587
3549
4985
3466
3380
5319
9438
2352
2648
4252
9002
8766
9504
4428
5921
564
7268
4854
3854
6381
1087
7394
3579
9461
2406
7124
7432
1564
6416
7239
273
6889
3728
4562
2580
7421
7400
6992
3501
2835
729
5837
4730
2863
2939
5035
7199
3842
263
617
1733
3064
9321
7999
2214
5298
6293
8893
3557
9580
961
3943
2174
4908
6422
6326
7389
3484
1418
6076
3586
8884
9129
7986
1136
4861
2552
1112
1191
3012
1461
9677
2668
7899
8071
9297
5705
5559
6556
9527
1595
9365
5823
4840
5735
8363
6874
2254
9965
5153
9115
3988
5441
8779
8555
3590
5283
5171
6872
8883
5792
6398
2611
1570
7570
115
4226
3186
6364
9867
6521
5910
6775
8074
4311
1039
3031
4492
6761
4399
3801
4570
824
147
6371
2973
7311
3183
771
6606
5205
6730
1422
6070
237
3602
1125
2413
338
7288
8497
7410
2608
70
6830
9925
1782
9536
9532
4867
9749
8611
188
5773
7452
4829
1107
8856
2703
6986
3896
5326
4961
6359
8015
7007
2906
4192
4207
4509
3917
4449
1662
2947
7385
616
936
2226
5123
362
8717
2209
7510
936
2271
6322
3992
9262
8583
3755
6366
4099
1398
1677
602
5896
6930
2370
5949
7638
1394
7515
4558
628
5376
3333
6329
3888
7941
2853
3246
9808
214
7033
2864
6801
3131
5797
3474
3097
3183
6470
4339
2674
6491
6550
1964
6069
8779
6761
9953
9777
3585
7687
5476
4329
4965
8277
8317
7354
3067
7308
7254
1097
1212
8432
1196
7789
1655
5165
9040
1846
3097
2601
7465
2962
6188
4215
9832
6636
2426
7957
3015
7634
6708
1629
2884
570
1017
3854
9386
7459
7465
2096
1065
5649
4743
776
1063
7665
6489
1301
600
9096
1646
7293
6486
3724
4097
8927
8910
6033
6784
6950
2185
8269
5666
4981
4077
876
3555
6235
1703
7282
9996
3682
3714
8425
2798
2866
4210
80
2034
1843
4503
8053
5886
565
7310
4552
4980
589
9296
4977
4735
9782
9811
2443
2469
6478
2527
7650
834
8819
345
2299
3031
8092
9298
8162
7891
2999
7128
1199
755
260
3983
5714
8049
6308
3375
310
591
3858
3176
6451
1620
7032
9156
7784
3015
7382
1654
9213
9134
2182
2950
8099
2423
7641
2111
8769
3927
3978
9668
1719
1965
6117
572
2740
1125
5313
7426
3256
1122
5575
2566
2687
6951
3457
6146
3600
7387
7971
6258
1147
2524
7685
3674
9736
2875
1620
7779
3997
5672
443
4289
1591
2208
9226
9759
8629
1309
5696
4905
7677
4858
6707
5012
8762
9427
7869
5427
9804
113
178
6961
8227
4882
8677
6860
9185
7840
5264
9538
9757
1772
2631
3349
6826
8607
7788
440
1190
6683
8926
2830
2788
9812
9985
9317
5884
6148
9424
3204
3145
6544
7772
8002
1366
1634
8312
3630
3942
3014
8124
6385
8408
4912
7825
9875
2845
7090
377
6210
325
4661
7925
7389
5188
1711
2969
4706
5697
7066
5148
6663
6398
6487
1764
5781
3408
6824
7072
8379
7693
6699
5928
9226
1577
9954
1252
9306
6450
2038
2051
8639
1097
4922
7639
4368
7088
7303
5835
777
8412
1471
7400
4945
3486
3831
7619
6333
6670
4587
3609
7647
1604
1093
5130
5650
2962
8952
7986
9566
3619
9140
7353
41
5665
7455
3395
1596
7265
2501
7640
7807
2950
9620
8340
7488
5199
3094
3686
2170
581
5962
2322
3483
3031
2680
5444
2838
8318
1909
2483
8717
3475
9305
1102
3209
77
2079
2590
8791
2234
45
4716
1318
734
7616
2226
1649
3533
6334
9466
2747
5701
7537
7931
477
4925
5038
4892
668
8340
939
4530
195
8767
7277
7792
7520
2962
798
8449
1429
1743
3420
2179
2410
1774
2312
4882
8855
5937
5066
9559
254
3636
9930
1658
2629
7651
4205
8263
4032
4892
1287
8109
7504
1641
5603
408
6425
5251
429
8362
7515
8880
1123
3860
1508
50
1157
8285
9245
4952
9867
4402
2165
5776
9660
5474
7176
2591
7222
5562
9135
770
2423
3517
3614
8859
1843
9633
7083
3847
8026
8851
295
3999
9931
7038
9612
7276
402
4011
9371
119
1805
4168
338
8262
1765
9758
6443
8282
513
9591
386
712
2658
1412
9116
1340
9450
1449
5636
8780
8015
2999
434
736
6408
9790
8665
6555
6129
2706
652
5482
7125
6129
1300
3541
7025
4321
6108
4954
5189
2691
1255
370
1902
1873
7242
6916
1122
5380
865
8785
6809
5217
4566
5430
6134
4197
7176
4308
2392
4291
9700
4437
2706
4224
7972
4684
9869
5625
7243
8594
2232
8537
3003
237
8633
9714
716
9737
8222
984
7462
3448
1458
7145
2802
3668
7819
4131
6652
8427
4713
6799
8004
7654
3470
5084
5375
5045
7425
3661
354
1712
7040
9438
8420
9660
8085
1403
3189
4567
6336
3791
105
3571
5894
8565
9008
4564
1404
2188
1744
1284
404
1704
5521
5608
3925
4092
2967
9974
2387
5284
68
2244
4393
6974
3391
7357
380
9400
7716
710
4257
2619
529
8128
132
2114
9978
1718
4830
646
6003
5361
9482
6728
488
3542
543
3072
2501
9304
5432
9331
7948
3522
9613
6458
4625
1176
2718
558
2406
3245
4844
9903
3318
4723
7816
5753
6663
403
2867
7660
4300
8180
3586
3603
858
2899
6611
5140
2883
3434
5018
9836
5468
8920
8549
8874
4543
733
8545
1883
1108
2442
5601
8761
973
6595
9773
4425
1684
5815
8062
4588
6684
495
2177
582
3851
5074
8915
3516
7676
3843
6122
8707
5034
4104
1428
9056
8845
4741
1711
9057
6188
6582
3548
5819
9608
8099
4377
4102
3504
1318
5324
8761
1772
7794
9892
5912
6279
1452
6099
6853
315
6223
686
7515
1105
7602
9271
4490
8698
7968
3591
6812
9811
7464
5901
4953
5839
1747
4796
9187
2667
1570
5211
721
6936
3217
811
4195
925
3544
5023
9801
593
9069
6701
1098
267
2744
7950
1476
6164
1277
2721
2372
358
8240
3819
1217
4118
4670
7421
4646
7342
2535
4272
3123
7431
3956
1173
7263
5927
38
2171
8596
850
8933
9716
3492
4784
3290
335
7446
6853
9494
8147
6962
3939
5516
6893
6138
3169
9924
8147
4554
4254
2254
4962
5483
1004
1243
9072
8863
48
5334
2880
6647
1298
2623
5479
9777
3601
8648
3164
2830
672
6501
5228
2100
6318
6423
2164
3535
6451
5495
2796
994
6734
3857
4555
3006
328
6173
2602
1933
1544
949
7275
6834
3488
9521
1959
7225
7717
1261
3964
3329
7213
7200
8028
4267
3456
533
9163
7080
9948
4026
7292
8187
2858
7093
6027
3018
1151
7266
4610
3083
591
1529
417
3940
4100
1705
8252
116
5769
7046
1375
8090
6111
2408
1184
4882
3999
3635
1356
6900
2301
5249
6682
2690
638
8552
4099
9276
6435
234
42
8786
8525
63
4601
5198
541
8080
7421
4115
5678
3564
8646
1733
6608
8903
9919
6754
935
418
8860
4702
8212
9055
8479
2650
4924
4215
1865
8742
1072
4370
4956
9175
8941
3054
913
7667
5474
3866
1972
1809
7683
6949
9945
7787
1536
5886
7032
4909
5020
7543
7935
4335
8545
7888
2324
1584
6955
2891
8972
4373
6344
5529
4440
6714
1074
3452
7054
7576
967
5370
5944
5898
6751
739
559
7523
370
3428
4363
9974
5369
1391
9969
629
7282
4850
7421
1940
406
7363
9237
1393
1188
2437
3162
9143
1302
9885
550
8684
4540
5830
459
4560
9124
4171
1805
2988
9703
5407
8229
571
7989
1877
7799
8434
7955
9553
6937
3560
2173
3241
7702
3190
7181
5414
9249
7094
8841
9683
4199
9152
5023
9613
1271
2124
4622
4896
834
2352
6563
5882
3888
4316
4631
1315
101
4015
4208
6910
1782
7249
7161
9069
2975
358
5716
3403
992
9137
1577
4206
3319
2857
8301
7228
5438
6867
3389
1205
7968
6002
1843
6863
8681
8425
9664
5688
7762
637
9152
4212
3224
6719
4603
9192
9371
3542
2469
9388
9907
8631
7935
9505
3603
9808
5680
4634
2567
7971
741
1552
6368
7700
1607
1798
3299
1735
7235
3356
7930
7303
1225
5603
9009
8881
6398
2931
5524
2060
880
6937
4429
5284
2036
5952
1923
6824
652
5374
9734
6367
3712
2805
7698
6092
6166
2771
4207
7816
2239
7545
9267
9116
8740
6038
9163
9652
4559
9126
17
7596
6718
3223
9567
2369
5931
910
5271
2028
2173
4737
5050
4505
3412
1150
8248
9289
2721
9159
1399
6405
3820
937
5047
6024
5678
1824
476
2991
3063
738
9564
3606
4291
5316
8753
7004
8923
3921
5719
9734
8541
4445
8820
288
6644
6523
4678
8989
4407
8534
6794
5643
6503
8889
5494
628
875
9538
3603
6229
6514
8813
4216
7453
162
6530
9382
4040
9146
5111
974
6887
3167
355
2975
2109
7832
9990
5466
2559
9687
3765
820
173
5679
4195
3542
3407
2413
2949
8196
7245
5393
5075
341
2555
8940
744
8888
8482
2729
4710
7913
8204
331
8402
1349
8551
2104
445
4623
1319
4942
3188
7932
7886
6062
7255
1177
1314
6969
9732
2248
1
5895
7567
5796
3706
4294
2344
1565
6491
5206
3256
6783
6469
8710
7360
4061
2538
783
6115
2102
3563
5442
6721
8120
2547
802
2896
5983
1417
4362
6847
9218
8723
1665
686
364
2619
6751
9800
312
2012
4486
4736
5678
6551
5393
5685
3727
1053
7716
9460
1154
8543
7571
8031
5974
9746
263
4401
9677
2389
2716
2407
1048
9378
1944
1660
3114
1525
7967
6215
2942
9694
836
1514
5188
4439
7190
1380
2711
1479
6248
5029
3813
3020
976
6722
6475
8654
1502
6059
9718
6173
4841
7992
1176
8397
1371
2479
1621
343
5328
6282
6624
5637
809
5696
5101
502
6461
6692
198
7730
3573
655
4123
7863
2206
5940
1703
3801
6598
9580
3483
2408
3890
2164
2115
6620
456
3906
967
2798
6584
1553
3282
7262
737
903
9977
4462
6952
6349
9104
5309
6903
475
3991
7448
7290
1196
3262
9318
9388
2607
2454
8660
1882
5951
110
7425
8346
2419
9984
7461
6975
4297
3163
7471
3624
6517
5686
1839
7817
3852
4928
1615
6566
5462
9332
4074
4016
5304
7275
5726
3608
210
4719
799
7495
9304
5703
8313
25
56
5085
4832
4603
200
5850
215
8922
3316
8171
5143
4247
5312
1799
467
355
9921
7700
1764
1256
4670
6734
4300
7065
1477
4109
4996
6592
6844
5612
3087
9503
3296
1515
463
131
5133
6189
2516
7959
1909
7453
3595
3016
3784
1519
1055
6335
6275
9045
6282
6958
7015
3921
741
7566
6949
9721
7172
427
8900
4435
6273
165
9389
3320
3778
3160
774
1555
4909
5964
2420
6527
5591
195
8307
1165
783
2001
986
4505
296
5891
5789
2883
5460
2282
642
1326
7916
5840
210
178
8719
1277
9074
2850
5960
5750
7595
4811
510
6222
2222
2367
2669
5739
7637
3418
9487
3509
5936
4454
9556
9707
3882
8529
1015
4452
1595
276
137
8849
8961
2360
3362
548
2155
4217
9364
4005
6936
8171
8073
6813
5189
4765
7963
254
4644
8655
6670
6036
2564
8374
2514
222
9309
4873
8454
7722
3529
711
2467
378
6352
3973
9278
1633
5278
8273
164
4395
8638
6579
7747
6989
28
2864
4320
5203
1193
1825
9779
7027
6129
5348
7839
1515
6992
2105
1173
5911
9207
2455
5105
3763
9347
8975
850
3597
4787
2103
940
173
5731
3956
504
3547
9659
3938
1495
2020
1564
169
5941
9849
3009
8480
9517
9211
3636
3578
9594
5509
4898
3930
2453
113
503
7532
4320
7176
6615
5155
3480
7436
5743
4027
1732
7857
836
300
1496
9886
9731
3279
9150
2618
2469
5349
5982
1796
9348
6151
4991
4822
3084
9986
7829
3698
5851
9712
800
6087
8265
5119
9243
9198
901
3163
9588
9757
6190
321
5732
7945
1937
2765
9122
7425
9043
9012
6863
3512
4829
1634
6586
9559
1259
5997
8110
7262
3791
7104
531
7840
3232
8972
6951
4434
5177
3867
7057
3813
5179
5861
319
839
6072
4399
3295
7083
3517
318
8186
1157
688
6329
256
3849
4527
8911
6603
4609
729
4792
5200
3378
9936
9240
1064
2770
8002
1850
536
4970
4460
1943
1340
7327
9500
1520
1216
5094
2927
3096
4008
4221
1135
2558
9055
1225
9804
7298
1704
8601
4685
4952
2698
2671
2819
4285
6947
617
992
6271
2941
2503
5986
5670
5254
1422
6876
9680
9763
8272
7165
7494
2482
3852
152
9724
2418
4865
6848
8169
3963
7935
6470
5569
1872
4333
5958
3883
7042
4328
6491
5866
7694
2807
1410
7183
4616
5829
2390
4138
2382
1021
9245
379
5331
4643
8866
2838
4484
3462
2285
2758
5281
5228
6541
7591
9373
1407
6969
7336
2953
7077
6173
3880
4081
8936
8724
917
6831
5691
5737
281
6458
671
3765
5648
9078
7057
8889
6648
9961
6965
3855
6824
5018
4586
9716
9217
9791
9147
4226
9640
9657
9250
486
3283
8038
6308
2650
2404
4046
1008
617
5443
410
7152
7660
6860
4418
9040
9587
7389
1790
9012
1894
7161
6809
2970
8763
4321
337
6083
3270
1692
2641
4714
3779
7824
8090
1521
5663
9268
6165
1105
9640
9199
8394
702
2392
56
5960
6590
9360
3135
2755
973
4268
1769
2361
3890
7410
7336
5765
5350
7573
7573
7562
2414
9198
1795
1916
863
8212
5181
231
1680
163
7209
930
915
8140
2900
7412
5060
4990
9938
439
5608
988
495
8085
4253
71
1337
8237
3435
4248
3385
8839
8788
749
9624
9628
4681
1491
7656
8508
6779
5280
956
2849
2534
1191
255
9666
4181
877
4683
3251
3387
4624
6067
5377
3172
7986
1244
9477
6847
9022
9891
4866
5316
4630
4378
8334
4403
7307
4171
9878
5446
3077
5629
4475
8225
7594
2000
167
5868
6672
3215
1322
7406
7153
8166
6566
2908
2584
393
3716
733
4307
1779
1584
6645
7156
3275
6422
271
4322
207
8331
7472
9873
5821
3949
7530
4758
1379
3957
7615
269
128
2513
8200
180
3166
7522
9676
5916
5503
6030
5024
1199
4971
2324
7740
2149
6079
5040
1478
6959
813
9104
6308
7405
9441
4887
4868
8402
1824
4389
1542
7901
8303
3128
1083
8145
6976
8719
8952
7735
6717
3921
4599
2562
5172
2245
4274
7863
7432
9983
6195
5144
8974
6435
9546
1280
3724
4963
8226
6763
2717
3633
6510
6462
6239
7229
3751
9791
3081
2557
5401
2763
3235
7002
9396
6731
1660
4761
4040
8512
9779
9865
6370
7230
1631
6360
1844
3258
9147
5971
6103
7204
7881
2966
6753
1855
4415
5838
2102
5219
3106
1367
4326
7086
7922
2619
7078
8073
1738
2541
3151
1357
1626
1209
6327
301
5923
7947
2297
7595
7694
4896
772
4814
9896
1920
5704
6065
1147
3109
8807
1047
5860
7929
4986
5917
8531
2734
3709
8472
7201
5688
8917
5815
6320
2282
9398
1577
5388
912
6650
9576
1726
4658
4798
6394
383
57
7504
4628
4217
9764
5319
1349
634
3204
1739
2122
2838
6455
9320
8206
1151
3971
5551
9138
489
7477
2395
9479
6386
8541
9418
7670
52
652
8663
1816
256
9039
6840
5231
8416
3133
6685
3419
4234
2301
7244
1295
9939
8799
9943
7564
6647
161
1351
7073
5101
5881
3349
8057
9884
2671
5018
3139
321
8111
2113
3767
2789
9883
2521
4261
365
5104
3185
3220
373
7916
8170
3015
6104
7516
8132
138
5079
1638
6784
9607
94
9957
166
8963
7806
8625
2918
2730
582
5532
9857
9851
1192
8678
5188
5494
1981
8476
463
3330
8977
273
6674
8376
6733
9322
2459
8159
6638
6320
4497
3965
8198
4953
2867
3152
9519
4696
7411
3122
6343
2149
5124
3749
3712
89
9521
38
722
8836
8236
9081
8598
4563
7011
2281
7086
2043
6752
5409
7633
2826
5142
3650
8839
6838
7220
9030
2112
8261
4242
8171
7858
3277
5860
7903
8808
218
6300
9135
8476
7379
5970
8688
4656
8184
2302
9495
5516
99
3765
6946
6150
688
5969
1270
6645
9486
8519
7061
9146
7932
5581
2387
2667
2406
3027
2849
7612
704
635
9214
5351
2193
3402
7320
5283
1430
7822
341
2857
3807
1184
7942
8540
6669
2988
5559
1361
4862
7192
3451
3206
7996
730
3472
2778
7973
5001
4590
6936
3071
5036
1470
6175
1109
9731
3577
6704
9618
3158
4533
5552
3195
1557
3589
2982
1480
5069
5114
1560
4797
1064
8238
1368
9259
9504
7778
2776
841
7267
1848
8837
2028
6003
239
327
3638
770
6489
8238
6016
4993
8258
1044
6612
2931
3776
4069
9437
793
2480
8700
9548
1567
5243
2522
1697
8617
6923
8416
2661
3648
470
6343
9291
9785
3865
471
2878
2891
325
1441
293
6034
5124
1071
4953
5309
7996
8238
5678
760
2477
9107
7007
7981
3863
5167
6807
1655
9691
381
8562
481
408
2198
458
4323
2572
4815
8905
1406
7374
6172
4667
5874
5498
3059
1340
7844
5699
9456
1260
8987
5446
6320
5993
249
1989
9518
4098
1724
8234
70
2448
1699
9834
4625
2280
6004
3189
2894
92
92
4216
1448
496
6329
1317
3140
8454
9668
8080
2725
3279
6200
7502
6044
2971
8786
4273
365
4027
5366
9035
4728
9676
4146
8893
4426
2932
4511
5095
2655
8476
5744
3088
5412
4541
591
3641
3561
4845
8161
2650
8168
6520
5135
7139
5919
2172
7347
247
6916
3016
8012
383
82
7974
6480
1234
1236
4917
4978
3839
3514
6558
1414
3676
218
7738
9718
2721
2540
3745
6389
512
3368
790
5662
442
3955
8062
2405
4697
2994
8751
7595
5033
9585
7183
4067
6209
8268
7077
3137
9376
1557
8662
4723
4913
219
5814
3229
5467
1706
604
5315
9134
1472
1086
1697
5617
7683
844
742
3731
1910
6814
167
9912
8476
7858
7304
746
7845
3524
5344
7717
5409
1348
7048
3617
5162
1764
1584
5629
237
8308
1555
8544
384
343
6262
2784
7613
9180
5334
3710
5250
1492
6433
8482
6910
7084
4092
2020
4047
2948
733
6115
5179
6154
6364
179
173
6421
2178
8227
6554
3389
9117
9369
6317
8379
9288
2863
605
3727
2248
5729
6670
971
5219
8490
8309
3205
9223
2682
5851
1129
4904
3261
9620
6655
1256
5599
4998
2594
8383
4715
8919
5005
4544
8728
2924
8105
8995
6374
4578
7761
4742
5322
697
9280
1554
4771
7166
5897
4660
8562
9852
5436
4738
1228
7740
3651
2376
3822
8511
6162
4662
7555
9868
5617
8316
4125
8828
9448
1262
320
2227
7122
6404
7302
8852
3323
798
4568
7817
5572
494
6952
5032
4225
785
7046
5090
7443
5083
3587
6450
6120
7877
7769
9877
1170
5455
1967
4257
9734
5109
78
3630
880
7789
7786
9115
6818
2239
8431
9764
4743
8514
7262
6390
7165
3062
92
8346
8140
1982
2723
8497
8876
6566
3001
6151
3701
2848
4093
8462
6837
2015
8757
8710
5238
7062
564
1639
8898
7407
8467
1082
5993
4661
5951
4082
3604
287
6590
3646
6369
2000
780
8731
9424
2874
9035
2864
430
2576
5814
8997
6056
7456
2311
7342
7928
7437
42
2301
2682
7629
5216
9546
3475
7291
6310
5821
451
8177
2294
7774
1485
644
8669
9862
513
5059
8195
6497
4844
4248
1723
4347
8284
4049
7083
8414
8854
3396
1024
2439
8152
1059
3034
1333
8036
5173
6120
3476
1425
5218
1174
7545
6493
6468
101
3606
8133
3723
3520
4103
2308
4908
8212
3732
328
5872
8154
8016
4029
1631
4317
8853
3500
3832
6039
4167
2958
8753
1289
1594
9041
2431
146
7959
5208
3724
6817
2771
9919
7354
3478
6950
3535
3114
1510
4539
1231
3082
8393
8130
407
7238
2178
8772
9426
5175
1620
5451
6314
6791
8522
5876
8828
397
2324
6982
901
2997
8894
6906
6565
5925
7842
7225
2352
1724
6178
4704
5897
9470
5183
6663
3591
7677
8008
1968
2107
342
8959
3562
4630
5267
2310
3638
5462
3394
9550
7203
8031
8060
597
7062
4919
5245
6650
2419
4616
1585
7312
1459
643
8499
7947
3978
2109
4191
5177
5012
8738
9111
5939
2270
9338
1093
2684
6576
3971
3764
1448
742
3064
1800
8889
3721
4366
8704
3975
7914
6044
7150
3525
1942
9415
915
8715
215
4535
2202
4754
9094
7657
9958
4722
1391
8526
2203
5295
1453
2237
4289
6067
6089
4228
6477
119
929
1665
3539
9027
9253
1360
864
4545
3523
185
2724
3637
8187
7381
8989
1104
4684
4383
3219
4169
3048
8908
9724
4890
7406
8174
1599
3775
3632
8850
8915
8818
4072
2267
5908
2071
1956
3004
7237
2727
6522
8299
8637
2254
1715
7511
2508
7370
4896
2023
9622
3245
8958
8636
2291
9062
8040
1762
8496
2035
2351
4722
1339
7710
5443
4160
5582
2158
7232
6321
1074
7713
3106
5373
4436
6502
2659
6622
1316
1460
6317
2024
1695
3338
9971
1416
1656
6237
5257
8232
6865
3378
1165
7909
9195
226
3538
7025
2314
8997
1415
9476
9263
736
6220
7239
8
791
5659
6934
4561
3233
2338
6100
5625
7575
1148
7242
2466
1720
2086
9928
9671
9286
5255
8881
9677
830
9139
5125
8481
5809
3983
5041
2572
9298
4547
6583
270
2905
5045
1304
3488
8552
2562
6089
6569
7109
1042
1164
4019
7223
4713
4949
266
2660
2506
9103
8964
5859
4738
2777
8231
7511
8526
4400
4500
4043
7637
5901
8800
8852
7925
1556
6579
1337
4692
9319
6937
8508
7076
4133
1597
4176
4736
6741
9229
7156
9886
8971
6373
2476
8038
284
4330
645
6387
9781
7252
1532
8292
2313
6082
1384
8612
6831
9211
2614
8917
6810
5561
6557
7145
8752
5634
7813
6388
6031
7150
6067
4905
8538
5684
6522
6961
2374
8707
1941
4671
5911
3232
9814
8465
1459
5900
134
9387
9830
2226
6864
5426
6006
6725
5143
3823
3518
2625
4463
4985
7249
1878
8438
9609
2983
4500
9589
8374
1127
3297
7450
4460
239
3303
79
8619
4054
9824
7519
3097
349
3313
2032
1762
5221
4036
4441
2448
8187
2173
2489
8953
4647
5075
9792
9846
4948
6047
2040
3860
6616
195
4284
386
7704
1092
1800
3872
6016
2673
3642
9973
9399
3135
8775
5260
1402
6138
3298
2087
5478
1429
5774
4450
5974
8293
2591
6184
9104
2825
9801
7907
2869
3182
7048
9903
5868
3303
4219
4179
466
6222
9412
6545
4622
9912
6946
8129
6148
3410
5617
966
7065
6647
7829
7257
1918
4031
8384
5756
816
1381
2099
3251
9835
1981
7414
7684
8363
4549
8405
5333
6214
971
169
3755
188
8294
8018
4595
8290
7823
5066
8827
259
8742
9700
584
5699
7817
1043
9556
1341
2670
731
9621
4651
87
6662
6391
7525
1642
5043
2809
5269
293
1461
1564
5008
6281
7646
4236
5364
8446
732
6248
894
9401
646
838
2634
6215
5849
2467
2662
1195
2351
3931
996
9208
6164
7742
7974
2387
9295
9343
7361
6307
245
3133
1986
6585
3914
4409
6461
1775
8419
2426
8281
3088
6607
5469
2669
8226
2651
3963
5211
3324
3072
5668
2578
8676
4683
810
5279
7839
2994
2482
344
1869
3130
4108
3266
4989
6087
871
7314
1602
8273
3637
9632
5152
2124
4548
182
2414
647
9450
8154
4218
9814
323
961
6699
84
8107
1534
5633
145
2467
5701
1717
6778
38
9085
5438
904
2111
8717
1056
8558
7962
3144
1218
6327
3905
9175
1649
3670
1538
6048
2308
9040
9522
7037
9553
3794
2476
9930
6120
1456
364
9490
9142
1379
1876
3024
3093
8542
6343
3242
8389
4787
2565
9698
2432
4476
2558
2873
5150
5613
9098
1646
9391
8298
3523
7835
2237
3872
9840
8045
7748
255
5961
274
824
2785
1101
1782
9720
4140
5965
7935
5162
1457
1353
3129
4495
2824
7785
7892
7675
9765
3948
98
7711
9148
9288
1800
7994
3048
5085
4304
4313
6871
9068
376
3569
6913
4453
3140
8221
5860
4820
590
6717
6071
50
7404
5705
6260
2933
4761
4614
1759
5416
4344
1021
8298
6822
134
5523
7948
9353
4321
7492
9918
3459
3402
8885
4793
3951
8298
8472
7778
379
6696
3550
8315
7351
6239
5108
4780
9534
8854
9480
9023
6077
4042
2648
3098
1620
1856
9555
7727
1308
9959
9508
4604
863
4648
9357
1373
9473
6339
8410
2655
4562
8278
495
1946
7917
9608
4326
9271
947
5109
7300
4588
6283
6061
7693
3077
4800
741
6578
2322
7279
8285
8060
5148
8482
4956
7798
1550
4692
3424
6959
2538
8269
3551
2549
2168
1995
9419
843
4028
8405
80
3084
8184
4288
1145
496
2622
5680
3606
4142
1431
4083
4879
840
9609
961
8851
6790
4207
9778
7658
9626
4234
7868
4142
4018
5228
4220
3079
837
1119
5893
1943
9618
4414
8984
1468
5005
8719
5234
7021
7748
9214
7073
4405
2743
7088
3696
7945
1822
6253
7891
9929
4324
1836
5583
3062
7647
1146
7474
2668
1950
7132
6613
1533
7422
2846
7581
5522
4664
6270
4770
503
7045
171
6861
1764
5605
8338
4400
4180
5017
6886
3785
7423
8021
5484
3687
4881
8590
669
9613
5190
9574
4668
7952
7683
6157
3134
8959
3380
5331
5189
489
8305
9067
7442
2540
199
4198
1302
7565
3091
1935
1011
8809
7158
4857
118
6912
827
4778
6136
6889
1629
5611
3877
7847
1765
443
756
2218
456
7459
5455
5421
8704
1593
3657
8710
7033
7910
4835
8486
2816
4480
5643
1502
472
9093
7595
9371
9962
6701
7839
3189
2856
5557
1171
4975
3513
7463
3245
9648
6042
1403
689
2081
3509
7599
811
710
3722
2967
5801
6459
4127
4979
6496
5200
3960
124
861
7424
5358
5850
8253
8279
5543
7835
333
3700
2817
3405
5264
5038
4918
9721
1763
1814
6834
433
4291
299
6064
7295
7255
742
2073
921
7090
3929
5422
6241
3760
3106
2140
7030
1751
644
3982
9748
1443
2005
8271
3609
3468
498
1465
10000
2028
8567
9783
3726
6682
8308
3883
7262
419
5239
7632
9992
7746
320
8439
4983
1517
5739
1823
7187
3904
7660
4791
1978
3433
6770
2981
791
5889
2840
9712
1884
8335
7967
7151
957
9778
8677
3377
5783
8726
7418
7906
7588
5610
5310
5264
9663
314
5306
9694
9704
5304
1667
5171
9954
5818
6664
2374
2529
5514
9992
2825
4704
8581
9941
3696
5115
2944
5116
4948
2077
1798
58
2402
3626
2826
7095
9619
7912
5841
2773
2257
1000
5135
1639
2639
389
854
7804
4716
7817
3905
9314
4363
1728
2726
142
337
3432
5873
3624
4715
2155
9066
9808
6575
47
1512
4806
8721
4268
9446
588
2811
4962
293
1444
9949
7212
9254
5654
9550
2728
4618
825
9981
8081
1650
7157
7912
9210
3937
3719
6469
7910
1640
6542
1401
8152
1318
3364
5417
6399
8177
9200
9367
8684
4354
9681
3864
4226
1452
9346
5529
5991
2933
1721
6791
7719
4939
4021
893
6359
685
6630
7228
8987
6705
1672
1950
8603
298
9503
7066
5715
2482
1973
8161
36
9000
9497
605
4685
8786
1592
5827
792
3189
9059
9736
1065
6267
4045
2630
5559
2841
4656
5971
9541
7462
1106
2439
8123
2376
5970
6210
9791
7099
2600
96
4594
1505
4472
4537
5067
1928
4352
3120
4725
6989
117
7057
8245
1877
2141
3916
3176
3135
3592
2737
6823
8642
9820
6469
4414
2688
2405
140
2533
4405
1847
227
4534
3074
6806
3404
1960
4035
805
4764
548
8290
4983
8770
8058
2047
244
7334
3939
1754
2196
3958
5743
5620
2042
3175
2235
4439
7479
2959
2444
3696
6779
3522
607
4206
2028
7480
353
4225
2219
5630
7878
3686
1594
4114
3221
1740
2785
5117
5543
5146
5510
2508
1208
9850
714
4069
9498
3141
1614
9307
510
2779
2375
791
7910
7115
4060
1520
1582
6058
6586
8658
6716
1053
4871
8940
1916
352
7559
9103
5207
169
3628
8257
2334
1848
4236
1820
196
4603
633
739
5894
1702
9476
2605
3788
72
1445
2737
9182
5154
8547
6409
6278
6933
1620
2737
8593
2158
2251
4860
1940
4751
655
5270
4694
5895
6767
3819
9325
9396
711
327
3780
10
5828
9962
9422
3202
6869
3905
7279
1664
6729
8678
3217
9541
3693
3412
5081
1961
6482
4851
9501
3395
6325
2550
6651
5128
6076
7919
9239
7753
398
101
7512
8154
9851
7373
7785
9404
9845
8130
7730
3260
5417
4341
9923
9382
759
1816
8274
3207
6782
1657
3846
2201
6985
8622
9446
2444
3065
2257
7312
9185
1109
281
5040
1214
3371
2496
9241
2073
6605
9349
1900
8733
4014
2715
1336
4836
7479
9559
1819
8572
9620
3518
9664
782
2068
1659
1937
8333
5571
411
9495
7941
9638
2086
9775
9332
7837
2785
1559
2704
5093
8424
938
555
866
3574
7467
1324
6154
5890
6776
2745
6090
927
2681
3410
1435
3466
5228
1109
1643
6360
8033
6006
7329
3981
7610
1010
2272
2898
3242
815
1690
543
4996
3105
9969
1346
3938
7682
414
6653
4909
3337
4797
1167
6045
7717
7007
2031
2477
1930
8068
7179
5901
3353
2338
4406
8192
7278
5953
5384
38
2042
4563
2078
6399
7325
4087
4454
6503
7529
7352
1205
2478
5715
5130
8788
6814
8378
3237
803
7031
2462
743
8164
4497
2601
5157
6438
227
5540
9543
6071
3845
3070
8544
3011
3865
8804
37
4523
9879
1771
3650
6401
1289
6161
141
5110
6667
1696
4567
7231
6625
3153
1555
7447
1029
1012
6492
5433
7860
8280
2825
32
6020
7545
2242
284
4582
2283
7224
461
8448
4064
362
3781
8668
7553
2187
1011
8999
5123
8516
8166
5155
8580
778
4107
6275
2933
8476
721
3128
1328
8191
8819
5089
5148
4120
1267
2940
4796
9108
6183
2077
5604
1119
6242
8532
4782
421
7821
5273
4202
2944
4364
539
7261
6709
6715
5713
9667
2164
532
6682
3056
8744
4505
4687
2150
3746
9428
5412
5513
8436
3588
4208
2905
3927
6799
7880
43
5256
5905
7073
106
6668
4456
9978
8849
2688
6084
3547
3000
5565
1297
7855
9114
9327
792
1697
881
2646
4097
6898
1579
7704
8102
5972
4912
429
4614
2491
8922
1433
4067
6977
6105
4360
168
9153
7285
718
717
3767
7485
435
2688
2035
8043
9639
1700
546
4135
8048
7866
1117
5185
3660
7735
750
4370
3322
5388
1257
9134
242
2295
5137
9277
3053
1416
9306
6488
9200
7461
6085
2394
5215
5559
585
6745
5133
9997
9165
4920
9139
3375
6458
8788
2575
7179
8089
9994
5893
5588
3358
6738
1148
6687
3527
7298
4495
6093
348
6512
29
944
1929
413
2759
2652
8809
7834
1251
1280
4553
6655
3739
9121
9603
7950
9422
7625
8277
9188
2265
4624
3881
5336
4141
270
6468
5472
258
1403
4265
5231
5670
9745
3514
9834
2286
4860
3372
8698
5751
65
2671
5766
6853
1667
9099
8098
550
4778
6587
7149
8903
590
5449
7128
5523
6121
4765
9760
1647
1936
1507
5169
2856
848
9045
7033
2510
8056
237
251
7080
6907
6780
2820
1328
5840
6239
8243
7239
3968
6087
7127
2988
9527
2928
2789
307
1529
9012
6067
7093
3003
3733
4485
8379
4749
9498
7014
7410
1093
1690
5373
1082
8873
2304
805
8938
357
1559
4461
7105
5608
6047
8833
6200
9257
1272
1598
492
4054
7014
9312
7174
3847
2853
4491
1031
885
3087
8034
2244
7869
8344
9342
1938
7407
3417
900
9523
1104
99
8434
808
3691
7586
4320
8222
1187
4350
9189
8343
6321
6045
6097
3890
939
4089
4324
7498
5438
7736
7575
9934
65
2341
3231
1711
8790
1884
7674
7001
1305
1699
2722
9831
4238
5264
658
8850
1128
5835
3878
7987
5
1625
8856
5029
5994
3736
6687
9262
4743
2556
9675
8053
2296
6607
4444
3127
1291
1040
431
2867
8260
3410
5037
523
911
7302
828
1725
4969
7412
98
6431
4245
2975
56
3764
2935
7104
7277
3446
2992
9722
5884
1525
4714
8549
5733
5491
3442
2276
5235
6336
1817
3811
2338
9379
9791
3666
1087
8190
9783
8560
2902
3645
8744
5591
6332
8607
1807
5400
3432
8742
7077
1607
1658
1657
8010
891
7082
5384
4327
1119
3743
283
4113
1378
4608
4080
2433
3668
8455
2108
2935
8287
2998
2798
988
9752
3860
4830
2911
7835
8742
8622
8672
1796
4877
3267
3147
1896
8084
2330
6068
4380
1992
7493
9246
4452
952
7293
3798
1413
979
8840
9925
2486
5424
1172
5279
6565
6045
5671
5659
9031
4571
8734
8221
4802
407
1536
3606
5873
4230
8488
5685
6221
8528
3251
9824
1824
145
8362
6339
9685
179
3956
2207
9185
6453
7682
1734
1397
8219
8476
8171
1859
4619
4491
4344
7048
1057
3576
24
6569
5842
312
6588
3477
6049
2792
1470
5718
2074
4675
4168
7148
6680
1856
1856
8167
2953
7914
2695
8260
1163
8053
2355
9724
594
9300
2406
3598
7772
7458
6671
1070
219
702
7145
315
2854
1534
511
5931
4098
9732
1204
1663
8934
1502
7505
9734
4389
3712
7462
2391
1880
5471
256
43
734
565
5478
3313
1696
1347
1539
9870
1893
6038
3109
8896
4424
3326
2301
4149
7831
7571
9432
5795
4529
7607
1386
364
9744
2735
1480
2172
8700
9125
1477
1132
1496
5634
8853
3280
2839
3697
9253
6718
7226
336
5494
9366
794
8382
1569
5244
6388
1791
5875
5116
4735
3239
6516
1949
2254
243
8572
6260
1809
4554
9961
5041
6869
6959
466
3661
582
5112
625
2955
5774
165
4044
7091
9809
5748
3726
1404
8300
1776
6245
5829
554
3846
9687
2028
106
8525
8712
3514
8561
8893
8587
1706
3227
8547
1727
2347
5171
5193
2668
6100
5925
4870
2206
9262
1369
6934
992
3411
7477
7174
8307
5053
3397
2448
6950
6562
8639
924
9280
7864
9064
4736
939
2289
1129
6969
2305
7408
6378
2940
4222
5442
4154
8487
6285
6105
5137
4468
8935
5565
7410
558
3340
2971
5553
8688
4301
6003
340
5043
5270
4193
2521
4774
3152
2406
6335
1085
7137
4490
3230
2744
2131
2653
3105
8001
328
1466
9492
4383
757
5466
2574
782
7910
2002
5917
8572
676
3805
9278
6228
1257
1782
3356
3114
1265
6902
1289
1814
5141
3012
4287
8285
2303
9272
357
3803
731
9672
4166
6638
5484
7839
3066
7592
9142
2374
4121
5221
6195
3779
7392
1619
1363
630
8130
8962
3781
5868
4909
4360
9166
8744
102
9203
2982
5371
805
5402
6778
1576
8713
5840
5521
7523
4762
833
3756
4544
7856
8707
3899
5302
6166
8022
5612
5979
4636
9583
4184
83
8539
1199
3498
8226
166
248
756
4474
9706
9956
52
5504
8704
9281
5868
6669
122
4722
5272
4089
9835
4403
4500
9854
3175
714
3750
4200
3036
6530
1033
8492
4350
7817
982
5100
9561
8102
6365
8091
7450
4781
6773
9143
7010
8735
4867
2653
1781
864
984
9175
5832
5266
5676
963
9242
1665
2361
5176
3918
7650
9413
3014
8950
9304
1511
4787
1116
2655
8204
8881
3436
2952
9370
129
4435
8321
4798
3512
5360
2142
6671
9747
6315
9007
5598
2838
4532
9098
6862
4149
1633
4274
4437
7416
6709
1505
1830
6794
2022
2637
2893
8692
1948
4489
1250
9215
6697
2876
2752
4192
9932
8853
990
4590
6030
5573
9794
1650
7683
8314
6581
9664
7241
9601
2513
4356
9960
4935
8514
8926
220
4777
3477
6577
6223
7026
9830
5862
6773
6623
6562
6303
4407
4881
9024
6840
3049
9839
8383
2980
223
295
4597
9727
5052
6920
7910
432
6682
7956
5186
5042
262
3936
1672
9046
3499
730
6897
2098
1137
7271
8564
9741
3963
4987
1286
1231
8285
1634
3056
413
259
9434
6353
5934
1664
7729
3745
7208
4219
5736
2251
937
6826
6399
5876
6789
8986
3831
7259
8676
132
4659
1302
4135
4129
8752
4584
9163
4563
9616
4881
8652
1893
3346
4271
9612
1032
934
1550
4503
8546
6125
9949
7829
8767
4460
6758
7686
2454
3769
1357
4142
2633
2604
8936
1550
907
3377
2746
727
8272
9173
4391
4727
2095
5156
3470
500
8640
7243
2543
1556
472
4487
4711
7768
9348
6310
5747
9195
49
4578
7386
3869
2267
5403
8497
1019
7752
6188
3251
1926
1301
8502
5061
9818
314
3517
8965
9783
5163
8183
4824
8726
2004
9079
2081
8753
8039
1516
1497
2092
5394
2421
9402
4006
3038
9280
4175
7658
642
6635
9602
4428
2425
6435
4172
5426
9121
6724
2251
6258
9032
2575
3582
3989
7609
6633
8184
631
8729
1225
4523
7927
4536
8764
3350
6341
1422
5800
3128
1183
4595
5657
6331
7096
4082
8527
8906
4453
5923
6893
1021
1491
840
5215
5847
4148
6980
3002
3408
5443
9317
9047
8336
2100
2901
5175
7995
3360
1453
7715
7018
1191
4363
3023
3623
5963
8716
3417
1996
3130
5131
7666
8321
3723
782
1563
6062
6001
9540
7398
5675
5852
7852
926
3255
515
2438
6213
6424
7995
5430
1307
2657
1781
2589
8182
7067
3200
2891
664
8821
3546
4767
5905
3842
4984
4478
1215
284
2570
8712
2863
1286
6911
3951
6551
2171
3257
638
6596
51
9359
4750
2433
6841
9713
1870
4816
9377
3458
4197
9638
9224
3344
5118
7972
9206
6151
272
6535
8191
2605
2639
7555
1572
6807
3444
4545
2450
2272
7611
8875
1031
6569
6364
7061
2196
6165
3456
2834
6183
3415
7048
1766
7481
9895
4666
6323
7038
2644
9186
817
8825
9846
1575
5999
406
9594
5365
4518
2657
5632
9475
3283
9892
4109
8438
4960
9061
6330
1985
9592
4383
7555
9803
785
6719
4649
9623
3985
3759
3928
1818
3037
9337
6687
1455
5108
98
2558
9762
1407
6144
9613
7694
9241
8197
248
9102
2307
2314
3944
9522
4664
4738
5721
6778
19
4764
4560
9463
4639
2071
2888
3390
5815
1142
922
2553
1983
1106
9092
938
9357
7596
9525
9223
3995
7879
4599
6470
5481
4123
2941
2545
9982
9867
3867
8184
8801
3210
2008
6788
5208
7724
9266
1762
4231
3175
8653
5851
8719
4202
2971
6412
8609
8849
354
1738
1603
932
5479
7451
91
297
6491
8731
8302
9063
5350
2465
3397
4166
7600
8175
2292
1770
1861
4481
2477
6915
5616
933
7950
2435
8066
2013
5994
7724
425
842
1260
8726
3380
7344
5188
4982
2301
8409
6518
5281
96
4754
6946
652
1540
906
5404
9323
8526
9872
5193
1216
1866
6626
2201
2432
3111
6349
8681
8153
8787
2972
2042
3915
6035
5913
2983
6252
3961
14
4967
4454
7113
8385
9591
2912
120
6640
5867
9646
1903
8080
1618
6874
848
6695
7017
8820
1269
3128
9403
3725
8
8621
6630
4287
8629
6090
6957
9544
5207
2059
4430
5863
1727
5349
5485
7767
7111
3041
218
4261
678
9667
7391
3246
5439
8804
4933
8729
8755
4266
5721
1561
4025
9954
6649
1027
5683
907
9134
3345
7635
5032
5917
8118
1409
6369
7144
8958
9980
3886
1939
8448
4038
1011
2146
8119
7127
3671
768
8152
7767
1913
3649
6938
9046
8486
4026
6755
6080
9870
4190
8556
539
2713
4090
2025
6881
1186
2910
637
3991
9054
5370
9420
9234
4191
1551
3427
2280
4122
877
647
2086
9223
4332
618
2864
9530
9545
6215
4497
5347
5656
4369
4723
6485
1619
1606
8369
3773
6122
2175
7201
660
6316
8544
6645
8291
1181
9197
7527
808
6790
6740
7958
1941
7118
2860
3238
2027
3356
6804
6581
247
1338
3460
7959
7670
6749
423
1974
6494
9592
2266
3733
6713
7132
2124
528
9834
4314
9107
4789
4719
4466
7337
2102
9346
588
6014
6114
216
2716
1241
7630
225
3780
3264
8590
2716
7807
3823
5566
6609
6360
6714
3997
8098
7867
7088
145
5279
6293
3702
9047
8277
1483
1524
309
5747
9350
2675
843
5563
1612
2962
4234
7540
6385
196
8838
3768
1884
8434
7174
4702
9355
3401
8388
4299
4791
991
7998
8550
7728
1582
9882
125
2721
4039
2747
9660
4720
6879
2520
2898
7593
6944
1798
5032
4308
1124
7078
4749
5887
5557
786
4505
4550
1372
4604
6105
2615
3673
9045
9086
1125
8709
1915
3311
9595
917
2925
8997
6882
9713
1667
9932
2183
6001
7635
511
7758
9812
994
3503
3271
5788
3399
1082
4965
9782
8866
9165
5916
3707
9213
897
1912
8075
7461
9350
2814
9669
2602
2774
4021
9651
2062
4920
9116
1392
4073
3078
1995
6245
5968
9806
1645
5657
9813
583
249
2754
5556
1424
8910
9205
8105
8659
1093
5919
5191
7638
7381
5367
5455
6408
44
3092
8764
6367
3081
9815
7042
3513
1850
5557
3351
4915
8111
5813
4191
1170
3223
6101
1801
7357
6625
9499
7884
1725
4772
1817
3096
6918
7610
8375
3087
204
8728
5996
6103
7987
1851
1152
7417
6994
1931
505
1981
9539
1657
2246
4772
3686
7362
5109
1267
9935
3817
1697
6212
7199
7760
6199
1650
202
4738
1885
3375
849
4052
1763
2465
8300
5448
3685
4149
2225
4916
1606
7478
9295
4499
1145
5285
5917
1004
3533
6502
2039
4170
431
8640
7319
9507
2691
2907
3523
7788
8922
2224
8573
8144
4146
2753
3553
7488
1622
7721
3793
2035
7526
6614
4111
4805
9924
3404
8614
4764
5708
2584
506
1971
4281
4524
5958
3372
5157
3263
9521
6947
5294
9874
4096
9717
2655
5723
2768
857
1308
249
1865
9640
9095
2254
6971
2652
4929
8939
2067
5274
7107
1251
2200
5668
4393
6421
92
5031
8893
1760
8493
7167
4482
6451
1635
8444
714
4938
2925
6509
4780
3531
2299
5191
7177
384
7283
7929
9702
792
4120
4742
9196
4854
3701
8718
5096
7879
7536
5220
598
1055
8173
5695
1417
7671
1507
3921
5094
5227
9786
986
7991
1397
7907
1654
5443
7632
3249
2499
998
8991
3578
9702
5398
3461
2779
8859
6240
4570
9638
8319
1963
9530
7773
4732
236
9101
8206
2678
1247
750
771
1069
5491
7207
7469
6704
6899
915
6505
9110
1531
8810
404
7325
9736
7095
6206
6523
8067
4752
8720
2552
3407
8558
1433
7361
9511
6047
2365
6608
7982
5569
5916
4750
8557
3243
8476
6494
5735
8894
3822
9652
7858
8945
5390
3687
2624
6474
8187
2373
5516
6796
1350
3457
6365
9305
9816
7311
6015
4790
3646
1629
5769
2701
5993
6072
13
6221
234
6667
832
497
1536
4037
430
1016
1310
9278
4384
9300
3204
8902
5847
4510
6781
1595
8950
4596
7926
6039
7302
5575
2014
8645
9727
3564
4805
6206
9347
5013
8887
9137
8914
2526
5270
9783
5086
8980
2943
6208
8702
7465
9620
1501
3723
8423
5448
78
2679
9270
8793
5669
9324
3563
8558
7829
2025
6023
6555
5999
1798
1184
6205
6441
6453
2605
3205
9019
1190
6552
7310
2042
586
7207
6254
6869
2269
7535
5847
6640
9815
6966
7172
6160
4802
3847
8191
7785
6879
4996
9860
2244
8636
2510
6761
5001
5791
2764
5660
5706
323
5228
9472
992
3185
8065
2736
1486
9768
3847
1359
6545
8874
562
3872
2521
4649
3076
8549
2980
7320
9217
9991
79
953
8980
7846
1419
1820
6924
7121
9194
7134
8177
725
5745
5180
8353
4960
2032
9538
871
6257
1900
536
9334
3475
2038
9946
4127
7113
7084
9559
9547
7419
654
1038
9477
7146
1558
1033
811
3929
5882
4859
4896
5322
445
7525
6945
3534
3487
8584
9729
2367
8836
804
3208
640
9677
4467
5104
6166
2576
2650
3554
2071
8939
1112
8016
2967
503
4016
3710
5989
5931
4225
3213
1800
7804
4042
3568
332
511
3675
6850
373
2788
2656
6443
4527
8716
9539
7880
8639
5808
6000
7596
5928
1235
1798
743
6347
3925
3147
6359
4447
3222
8830
8237
2347
3121
4085
3177
559
6990
4664
2608
8036
2982
1943
6724
2665
2004
8077
6497
6147
805
4576
106
7417
4979
6554
9793
7904
8778
9559
6449
6713
3909
3839
6398
468
3058
2486
7944
5008
7833
5191
3326
4481
2601
1016
5367
2195
2355
1357
3628
8390
1255
8451
2725
9531
7984
383
4165
3573
2257
7177
3999
4535
4356
3414
3868
2780
3250
8446
8314
5868
7976
7171
3751
1795
9862
5867
4233
572
486
1806
844
2975
6881
4974
6496
4854
847
9354
3231
9449
9750
4025
3515
6192
3349
8918
1443
2889
7601
3812
3729
6678
1507
2845
3995
5119
7375
766
3313
691
6280
5277
541
7730
7648
9845
1730
4899
4656
604
8029
4882
1905
7150
1876
7543
6970
702
5006
4558
3607
1020
1813
5
61
6410
4657
1722
2673
8049
913
7699
8945
2972
3981
6541
9520
4584
5299
7699
4611
3581
7776
7575
2543
9371
2428
5974
7422
2845
4238
5945
1212
5893
9376
3939
1531
1871
3890
2995
4267
9005
8273
7438
7671
162
9495
3121
3473
5287
8989
8958
476
1126
9744
6975
2621
4745
3521
8840
9837
9007
5879
4448
2911
6765
4260
3435
8013
226
4993
7797
2018
430
2889
97
5235
5753
841
3658
6813
2928
6059
8499
2235
1417
7127
783
2901
4132
9031
191
6350
1832
4228
5699
9929
6746
9918
7582
154
1667
4338
1690
1449
3676
422
5807
5192
5061
4322
1764
5424
7376
6746
114
2874
4618
6816
7587
729
5861
7792
9298
287
3690
9684
6141
1844
9591
1456
5943
6764
7551
8103
9371
9855
8042
5017
6583
5605
1472
2553
4588
6967
8523
8252
4212
5026
2357
8097
4384
5756
3553
7406
2784
5073
1101
8492
6140
2524
1130
7620
4875
9996
7744
4095
6727
6383
4902
4825
7132
8356
5002
7814
8644
8764
5676
1853
3315
331
6840
5881
4558
5835
7057
9997
4081
727
4273
7478
3520
8937
8263
2864
6458
9859
66
9780
9448
7148
1735
6842
5371
6738
5281
325
8448
2049
6956
3904
2736
8199
9365
3737
3032
1902
6231
4221
9949
2368
5499
7521
5042
8149
86
8928
5699
5212
8203
6478
9466
9030
6862
1463
9571
4578
2255
6504
8278
4890
1894
9828
3483
8376
8400
6629
1986
829
1312
8611
2223
5254
8937
9753
1315
7726
1317
2202
6330
8621
5645
7751
3324
2761
5594
7290
8528
4631
7073
8119
5587
8275
8959
9696
1375
8134
978
765
1037
6403
1229
6606
2791
4217
6111
8357
221
6928
780
6585
5513
5652
8048
4450
2127
865
6415
1051
3137
6522
9538
3479
7269
187
5515
5294
4861
387
2554
9839
8285
3294
8268
6955
8011
8172
9239
5534
5953
8093
2976
3228
164
1238
6315
9243
928
1002
2095
7690
6899
9101
7201
7230
7110
5302
5175
2079
7615
1145
3541
9931
3945
2850
607
7673
8212
6700
4458
9876
5854
6670
5619
3241
6130
8010
638
798
876
2272
8602
4663
4929
5799
3595
6761
5442
274
8528
5550
3231
1480
4893
3882
2550
9338
9958
761
8100
2518
4162
6377
8295
348
2111
2866
1924
8942
9426
9593
8525
882
3465
6134
841
3961
6766
8050
8960
9444
1703
8423
910
7163
479
7508
248
9688
43
3892
3371
1012
1284
9697
5089
5959
2674
9272
8512
6435
7275
727
8122
8611
240
4331
1995
4393
1846
9676
7528
3298
7752
8396
3878
3660
7839
2728
1891
4502
5747
1318
9582
4021
5183
829
858
3306
4072
2403
1134
351
3289
5204
494
5404
9404
6750
9201
3180
732
2255
7615
6142
6369
312
4932
8237
1502
293
2344
7805
5308
8979
3528
9448
9183
994
6071
5389
3418
388
4431
5484
4764
2968
727
9032
6708
5119
9300
8697
925
7743
8501
1974
372
5575
1083
8896
3325
780
6119
9899
7077
7638
9917
8112
1927
3779
995
4264
8484
4547
2807
8225
3230
8692
7004
6273
6675
6777
9684
5016
7841
5627
6123
5653
4203
47
2741
461
3705
8103
3867
715
1120
4242
4426
9990
3504
1258
1293
4362
7310
1176
3224
9745
6829
8521
9758
2867
9129
1815
770
2520
4896
8624
5388
1997
1253
1887
1199
556
9049
1223
6356
4709
159
3212
4519
2549
4638
85
7585
361
2744
2512
6180
4025
1585
9617
2377
6761
1524
7478
3706
5243
4095
1213
7489
6936
4724
8915
6694
7674
5166
1173
5128
3566
7083
4223
1015
3667
2590
9186
1877
248
1140
9207
9298
429
306
7124
8289
3876
5156
51
9237
5058
4170
6841
9794
1442
2255
1576
5305
120
3572
427
6992
528
6341
3534
596
4752
7675
5086
826
4866
3821
9576
123
1384
155
4000
2927
161
9476
6706
9627
593
2192
6505
179
6191
3373
3854
2017
7302
2109
7199
4153
2857
9065
8331
9266
7204
3739
4649
167
5611
8687
7464
4581
3785
8314
7481
1720
63
3484
2887
435
9794
246
8833
8288
865
7011
2151
467
8006
4476
8690
3042
4503
774
1576
440
8159
4568
4211
4401
8650
8377
4428
217
7827
3505
4456
9003
1660
3050
93
4145
3983
354
7647
1898
8040
9527
4380
5706
1163
9618
8887
929
2284
2058
839
5171
6378
9597
8120
3962
739
4031
9554
2974
2982
9311
8270
6088
9566
8585
2386
8288
1236
1480
3329
2254
7632
1760
8067
4060
3144
6574
8043
1508
8216
8353
977
9351
7411
7516
9248
4016
4940
7326
278
6891
7255
4527
6170
9984
847
5947
8081
1721
7233
3583
3371
4664
6653
9869
8007
8247
1285
9209
5600
2376
1529
1102
8151
7209
2252
4494
9046
3705
9727
3041
7967
6626
371
2363
9350
6727
60
3734
3759
8367
6565
5495
3196
1550
236
5482
2967
556
8711
5475
3216
7792
1865
9914
2180
2804
7411
4981
7010
1644
7064
4462
9328
8251
8417
7759
4241
2832
526
3292
5664
5794
5732
9934
9906
9429
3585
8151
105
9924
7173
5772
7229
7001
7517
2968
5854
6457
9142
4511
4333
7861
7457
5877
5697
6975
5253
6927
5146
5658
7574
9610
7070
220
2892
5286
2454
6599
3584
3388
9853
6576
2420
2959
7030
4355
4338
4097
4944
4508
9358
7294
8198
9685
4346
3516
6422
4333
2096
9957
9477
3700
5930
4740
9605
3863
9035
5288
7604
5873
1958
5541
2216
8539
4563
260
6441
8563
6062
8485
4744
1741
1150
3916
4775
5695
3396
9377
5615
2221
7163
6375
5955
317
3826
1721
4699
448
9699
1695
634
2485
2197
3242
9738
8500
6185
1259
6152
7728
3125
7567
4971
6393
1280
3663
8977
9522
7719
9534
4334
7644
5469
1561
5164
1233
8339
1457
3981
2859
6164
490
7182
5222
9206
8909
2628
481
5763
9537
9301
6697
1765
5562
9251
7825
8117
1966
8559
3704
7306
7846
3638
9644
499
2906
1309
8141
9406
2687
8336
8431
8542
5998
8039
5095
4254
967
5330
6004
8874
2777
4610
5960
6816
4496
9566
7519
1896
9296
3456
8558
3625
7020
7165
6067
3376
683
8338
1702
7915
8711
5437
352
9404
8984
1991
429
7893
7711
8893
4995
4907
7276
4369
3045
7179
7815
517
2858
6782
8927
4116
3016
1930
1323
8808
5255
7913
5849
8504
6648
781
991
3668
8097
3376
8756
4178
1455
5784
7885
1419
6535
6139
4682
8135
8023
7794
7781
8161
6602
2590
1201
2448
3042
6798
2687
7910
8639
8830
3422
6910
7638
7766
7284
9714
3663
6910
638
4706
7023
3983
7957
2875
5650
5840
8654
4089
7481
411
6422
7295
290
5467
1596
8868
3449
1856
5448
9383
8596
428
9244
825
854
4545
5472
3930
7929
8247
9733
5723
1118
3152
1787
7059
720
1029
2202
2791
9825
4496
3734
329
5226
684
6336
3569
9888
3910
3604
7301
3900
1251
4579
8322
216
8918
191
9763
4481
53
2247
8028
7187
9743
9559
6450
5645
5819
8858
8690
3873
8098
174
6016
6716
5026
356
3793
5576
4683
2386
5927
5814
1828
8006
65
9420
7225
8115
6885
845
118
4875
9355
8467
1480
4531
6674
6464
3734
5410
4087
9358
1568
522
4285
5081
472
2686
3122
3429
9368
387
9771
9786
9052
9179
1258
8189
4470
751
9206
4954
6888
6002
9596
1197
7706
9629
782
6714
2779
4849
9228
6261
3417
8392
6343
5573
3433
5610
2942
8035
9829
4889
2652
2339
1480
6904
6619
4878
9441
767
1190
4692
4300
8839
6347
1157
4925
4005
6452
4750
742
1627
705
7734
312
1925
8264
9312
8399
673
1248
504
2515
3376
2488
7152
701
7061
9499
1798
9188
7234
995
7449
3853
399
2082
2637
1204
279
1813
3358
5060
1856
9668
4523
9728
2158
5441
8817
1090
7881
7725
8479
8736
7831
3698
1402
3401
2013
88
6898
9565
6694
9640
7657
7723
4874
7779
2071
5068
2241
1062
1584
555
4917
3008
5623
6762
3170
9221
4588
6107
4921
9720
1653
6411
180
7139
9854
7295
2811
1094
3794
59
7222
2936
8362
2035
9177
9309
6554
2938
509
8914
1503
3949
655
2039
4094
4788
2827
5219
9405
9805
505
9675
2054
82
6281
8140
8644
5317
7062
2636
7331
1085
8028
5485
7188
1731
1142
5748
4035
4968
671
8124
8785
8955
495
670
5231
9627
4714
4415
3900
6710
8462
5685
1633
3732
453
2144
9421
7561
9503
4726
8316
8880
5060
4581
8626
5719
8854
8192
614
7998
6090
8702
7569
8907
3703
6695
6739
1238
1513
2107
2795
3945
4335
6453
2182
1114
4772
9199
6919
2891
8614
9804
8163
9973
3648
8006
6018
6979
1235
7745
1649
8390
2528
1524
7307
3763
5039
1295
1864
3877
5037
8642
7010
4948
8529
7997
3660
7449
6108
5116
1697
5654
9767
9011
4266
7559
3269
6843
160
4213
6241
3156
4580
2348
8381
6822
7896
7932
5506
9584
684
6550
291
7075
9609
9520
3213
8367
4241
4874
8650
6731
7538
4856
7327
7866
18
6348
553
4775
5960
8240
8088
3823
4928
6455
4101
3957
1460
3471
9798
7893
2705
3628
7543
2561
5469
2535
6582
1647
6486
6720
9732
3150
3014
7359
9057
1928
6854
8172
5200
1963
1875
7230
3392
7354
5960
2046
6248
9769
2528
4316
7047
3141
6890
3563
585
8090
9102
7574
7266
6285
3114
3219
55
1150
6967
897
9180
9775
9706
9800
98
4467
1292
2703
2861
2977
4207
9651
1009
1432
7870
204
3819
368
4784
1379
498
829
3022
509
953
9431
1567
6146
2184
6335
4617
6290
2530
6779
7673
5174
394
5265
50
8978
7910
3098
6144
9369
4463
1308
9935
2002
856
3045
5076
261
4158
2050
3036
5408
9895
348
2230
9723
9675
1643
4445
746
9880
5319
8164
6826
4582
705
1671
5929
7007
1649
9076
2690
8612
738
9813
2455
3096
5948
1457
6887
9672
8933
5226
4163
3000
7548
7431
9127
8571
8341
9293
4875
8134
9398
4176
6196
6587
421
2418
3903
3206
8713
6648
6855
336
5622
1683
3077
6222
7374
1914
1594
2614
6482
7541
9171
9320
8113
4467
1006
7679
8125
3117
560
594
6117
4432
3613
1759
6295
7090
5672
5231
7054
1358
5991
2210
5294
5762
8687
9550
9421
3672
9400
7292
7569
1556
5072
4268
5329
4459
5725
5295
6213
2682
6968
8293
8766
6317
3662
1967
111
6820
1374
1221
1229
871
8097
7633
1785
7361
8878
2183
4838
6742
9990
8630
9023
2521
1271
6574
9792
6864
7720
5230
5662
992
5960
2519
2267
2198
9731
9573
8858
39
9523
1265
3024
1573
1685
6690
7680
7307
545
2621
4452
1172
4172
9939
6038
7761
2299
113
6601
9961
2011
7152
7239
2594
8248
1921
3057
3257
3141
2048
720
7988
8985
9650
5812
43
4624
9950
4329
7792
8077
1336
4795
9081
5811
4174
5342
9264
7859
7202
5351
4994
2609
7554
4717
2935
6715
9407
9498
5879
8847
264
6453
8517
7163
6158
439
9413
3787
1233
3183
5106
8174
4546
695
3379
5213
3380
1934
4403
2863
3379
950
4583
604
287
3871
5153
2198
50
5146
8557
9123
5940
2518
5874
7331
8871
8496
7274
9867
5622
1322
3645
1099
5823
6380
7059
5736
2719
1205
1259
7310
6903
2506
3595
8960
7297
3237
8457
2748
1840
4455
3688
8609
4539
4627
9041
8148
8977
2311
579
711
1615
9698
6475
7330
4550
4881
4240
7725
1942
769
6464
1916
8376
826
6500
4587
4841
3432
921
6346
6585
5618
1634
8825
5585
7808
4883
9664
7993
8372
1237
10000
881
8406
5422
9190
3727
2751
5853
1994
3975
2632
4045
588
9280
7182
8637
4299
7263
6967
469
8088
2211
935
3940
6724
519
2515
7125
9311
8365
786
8934
9357
2396
8622
5143
4748
9004
4246
802
2694
9330
8766
7319
5998
5541
7006
5679
7668
5008
2092
4550
9404
2232
6858
1277
2330
2436
539
6272
7383
9376
4487
7837
5936
725
2097
5810
3937
4285
7560
9031
9721
763
1685
288
8306
2462
8566
9603
8611
2851
9336
2213
1532
6189
3435
8397
7529
4819
3497
2694
111
4362
7050
536
5583
9971
3774
5169
9371
9918
9811
1876
7341
6041
1986
6584
5459
490
5278
1166
7333
1660
4754
9765
3930
705
4422
7538
7108
5519
320
1256
9706
1762
9832
3129
3901
3377
7099
4563
5246
5474
2582
7299
4761
6385
3564
5362
991
3115
8403
9597
264
1606
3187
9900
2925
3610
3103
4984
9376
6644
6489
5090
7338
8167
8213
2182
6050
7551
8778
995
4443
3598
4849
1481
947
9795
7718
8801
6700
3223
5297
6987
6454
8091
3886
3278
1481
1904
5352
5011
8767
6514
2639
7885
8988
5798
3035
1529
5681
8212
8658
5409
6326
9424
4992
7089
5809
5274
223
7524
3699
4905
3040
9686
1898
2897
8429
4092
5668
5948
3264
9124
2126
5335
1462
8379
1403
6071
5711
3962
4116
9997
7665
8895
7806
8296
7044
6088
7057
5521
3479
350
7510
5367
8525
3004
4695
7798
4390
3303
6764
5631
9906
4329
1734
7288
5313
3260
2013
8815
8034
5225
6199
2324
3163
2813
7440
1776
7861
5965
7998
7945
5440
534
9275
4063
7076
3409
2488
9797
8661
9380
4217
3287
915
5711
4027
9831
5908
335
6319
1612
7176
4939
1733
2465
7174
4822
1675
7663
7732
7181
7447
7911
5240
3681
3576
7012
3309
6819
193
8490
8151
1263
5855
7542
7612
7829
6970
6343
6649
5642
9833
5821
5265
7916
654
4337
1846
7062
2333
6869
5912
2091
6362
1786
361
7699
4002
3659
496
2414
9364
5499
7598
5983
7418
8379
7254
1356
438
7120
8804
9549
9100
9232
8630
7944
9876
6663
4979
4624
7091
1590
8704
6054
4762
8749
1625
6703
3638
6815
9609
6104
1508
7538
7693
4013
1491
7057
8418
2245
1678
7647
3735
2031
1074
6835
9025
1126
4688
9301
3366
6203
3470
8590
4876
9334
3026
7938
5047
1389
7583
4031
5535
9308
9922
2355
1327
7337
5329
9759
686
8028
7391
5446
1420
3954
2118
281
1377
3633
2761
1588
2401
3883
9575
4650
7443
4672
1979
2126
5150
5835
9668
6188
1055
3558
4226
4961
6729
1963
3890
6978
2070
7462
6700
1387
9856
1839
9822
9491
8933
6982
2550
2460
1600
8493
4234
7590
8327
8057
4736
5814
347
1596
6171
7327
2961
5204
8663
383
2096
4668
7242
4197
4145
9646
9400
8065
2893
471
760
8361
471
4046
4391
9903
6987
3276
1441
9836
1037
3657
6177
4408
606
1626
7085
5728
5239
7010
268
3506
2274
9688
1338
9251
6982
108
3270
8450
6392
4303
9958
3008
9370
8690
7480
6407
670
8508
5744
4507
2362
9203
3636
6437
1912
3630
2288
9679
828
6553
8443
5091
3848
1342
1465
2736
965
9093
3583
3011
3871
5379
9275
3313
8980
9440
498
206
6762
9631
7998
4647
8233
6344
7802
792
4566
2250
3447
6445
9367
832
3800
9053
670
3711
7752
4613
1555
3641
1267
8355
1918
617
9715
4447
2453
6045
5988
6002
4873
8150
5349
2270
8811
9989
